1:  8 9 12 13 14 21 28 29 48 61 67 68 70 77 86 101 106 113 124 140 141
2:  3 4 6 26 29 32 52 71 98 102 105 123 133 
3:  2 12 13 17 26 76 78 79 88 101 103 119
4:  2 5 6 17 29 32 45 56 63 71 74 78 79 88 91 105 106 110 124
5:  4 6 10 14 17 21 24 46 102 113 116 118 131 133 140
6:  2 4 5 20 21 53 58 61 63 82 102 111 117 130 134 135
7:  20 31 34 53 57 58 59 80 85 86 94 105 106 123 124 125
8:  1 9 14 15 21 22 25 27 48 58 59 61 62 63 64 65 89 95 96 99 111 112 114 115 116 121 129 136 140 141
9:  1 8 11 12 13 15 17 18 20 21 28 29 36 43 49 56 62 64 80 81 101 113 118 124 129 136 140 141
10: 5 13 14 15 18 24 26 65 68 93 102 134
11: 9 12 64 95 96 114 133 134
12: 1 3 9 11 17 18 19 25 26 28 34 36 41 43 49 56 62 63 76 80 81 85 86 87 90 91 93 121 122 129 140 141
13: 1 3 9 10 17 20 25 28 33 34 36 37 41 45 56 62 68 79 80 81 83 86 91 94 101 106 108 121 122 129 137 140 141
14: 1 5 8 10 15 19 20 21 28 30 40 43 44 47 54 62 63 64 65 86 97 121 129 130 133 138 141
15: 8 9 10 14 18 21 22 37 39 41 44 45 46 58 59 61 62 63 64 65 66 95 96 97 98 112 116 125 127 128 129 130 132 133 135 137 138 141
16: 27 29 34 68 78 79 82 88 95 101 114 117 119 122
17: 3 4 5 9 12 13 20 23 27 37 38 43 49 65 69 80 81 86 89 101 110 115 116 117 118 126 129 135
18: 9 10 12 15 19 26 28 31 33 42 43 44 47 48 49 60 65 69 70 74 77 79 85 97 98 103 110 140 141
19: 12 14 18 22 26 28 32 33 36 37 38 41 45 49 69 71 86 104 106 107 110 118 126 140
20: 6 9 13 14 17 24 29 30 36 37 43 54 64 68 80 84 89 102 116 117 129 131 133 140
21: 1 5 6 8 9 14 15 24 61 63 89 95 96 111 112 113 115 116 137 139 140 141
22: 8 15 19 31 32 33 36 42 44 47 49 60 61 64 69 71 74 97 98 104 107 110 127 140
23: 4 17 31 34 62 63 71 76 78 79 82 83 93 95 100 101 105 115 116 119 126 132 137
24: 5 10 20 21 38 82 93 100 101 102 108 115 130 133 135 140 141
25: 8 12 13 26 27 36 62 81 90 92 111 114 116 120
26: 2 3 10 12 18 19 25 29 31 33 34 41 53 56 58 62 67 68 76 85 90 91 92 93 108 113 122 123 124 130
27: 8 16 17 25 29 62 68 81 86 90 92 113 114 122 130
28: 1 9 12 13 14 18 19 29 31 33 34 35 36 37 38 42 45 49 50 54 55 56 62 74 92 103 106 107 108 109 110 118 127 129 131
29: 1 2 4 9 16 20 26 27 28 41 67 71 81 85 88 92 101 119 122 124
30: 7 14 20 31 33 35 40 47 63 95 97 98 107 126 127 129 130 131 132 133 139
31: 7 18 22 23 26 28 30 33 34 35 37 40 43 44 49 50 52 54 59 60 80 89 94 98 106 107 109 128 131 132
32: 2 4 19 22 34 42 43 46 48 52 54 60 61 63 65 69 70 71 73 74 75 104 105 107 109 110 122 129
33: 13 18 19 22 26 28 30 31 34 35 36 41 54 56 59 74 78 80 90 91 92 94 105 107 118 122 123 124 136
34: 7 12 13 16 23 26 28 31 32 33 41 54 56 59 74 78 80 90 91 92 94 105 107 118 122 123 124 136
35: 28 30 31 33 39 42 43 46 61 79 104 118 137
36: 9 12 13 19 20 22 25 28 33 38 40 41 43 45 52 54 61 68 80 81 86 94 106 110 136
37: 13 15 17 19 20 28 31 38 43 44 49 50 72 76 97 103 128 133 140
38: 17 19 24 28 36 37 40 42 43 44 50 52 58 61 68 76 78 79 94 97 106 128
39: 15 33 35 44 48 62 69 70 72 75 97 104 118 127 134 137 138
40: 14 30 31 33 36 38 42 44 48 69 70 97 104 107 118 125 127 134 137 138
41: 12 13 15 19 26 29 33 34 36 44 48 51 65 69 70 71 72 92 98 104 107 118 122 125 127 138
42: 18 22 28 32 33 35 38 40 43 48 49 50 57 69 104 105 107 110 118 137
43: 9 12 14 17 18 20 31 32 33 35 36 37 38 42 48 51 60 64 69 71 86 101 104 107 109 119 129 140
44: 14 15 18 22 31 37 38 39 40 41 51 52 60 62 87 97 98 110 
45: 4 13 15 19 28 36 48 54 65 69 70 71 73 74 78 79 91 104 105 106 110 118 125 127 130 138
46: 5 15 32 33 35 47 66 106 107 118 130
47: 14 18 22 30 33 46 62 107 118 130
48: 1 8 18 32 33 39 40 41 42 43 45 52 63 71 75 85 86 97 99 105 107 109 110 119 129 130 141
49: 9 12 17 18 19 22 28 31 37 42 51 64 68 86 97 107 110 117 118 128 129 130 132 133 138 140
50: 28 31 37 38 42 52 54 60 76 77 85 87 94 103
51: 33 41 43 44 49 53 54 59 69 77 104 107 118 127 136
52: 2 31 32 36 38 44 48 50 53 54 59 71 91 104 106 107 136
53: 6 7 26 51 52 56 57 59 60 66 72 118 126 127 137
54: 14 20 28 31 32 33 34 36 45 50 51 52 56 57 59 71 80 91 94 106 107 110 115
55: 28 67 68 71 80 119 123 124
56: 4 9 12 13 26 28 34 53 54 57 59 76 78 80 85 86 92 102 123 124
57: 7 42 53 54 56 59 60 70 86 94 117 118 123 126 127 137
58: 6 7 8 15 26 38 65 72 76 78 93 96 98 99 125 127 130 138
59: 7 8 15 31 34 51 52 53 54 57 58 60 65 66 72 96 98 99 125 127 130 138
60: 18 22 31 32 43 44 50 53 57 59 91 94 97 98 103 131
61: 1 6 8 15 21 22 32 35 36 38 63 74 86 95 96 97 98 99 105 108 109 110 119 120 127 131 139 140 141
62: 8 9 12 13 14 15 23 25 26 27 28 39 44 47 65 66 72 85 86 87 89 93 114 115 116 119 127 130 132 138 141
63: 4 6 8 12 14 15 21 23 30 32 48 61 64 65 66 68 70 71 72 75 86 93 96 99 100 116 119 127 129 130 132 133 134 136 138 140 141
64: 8 9 11 14 15 20 22 43 49 63 81 85 86 95 99 100 101 109 112 113 127 130 133 136 139
65: 8 10 14 15 17 18 32 41 45 58 59 62 63 66 72 84 99 111 114 116 127 130 133 134 138 139 141
66: 15 46 53 59 62 63 65 68 70 71 75 93 130 132 133 137 139 141
67: 1 26 29 55 76 86 92 122 123
68: 1 10 13 16 20 26 27 36 38 49 55 63 66 71 86 94 101 109 110 114 119 124 129 131 132 141
69: 17 18 19 22 32 33 39 40 41 42 43 45 51 74 75 92 104 105 107 132
70: 1 18 32 33 39 40 41 45 57 63 66 71 72 73 86 104 110 131 132
71: 2 4 19 22 23 29 32 33 41 43 45 48 52 54 55 63 66 68 70 73 75 76 79 88 98 104 105 107 108 109 110 120 129 131 132 133
72: 33 37 39 41 53 58 59 62 63 65 70 104 128 130 131
73: 32 45 70 71 78 91 104 105 108 109 110
74: 4 18 22 28 32 33 34 45 61 69 105 107 109 110 127
75: 32 33 39 48 63 66 69 71 98 100 104 107 123 124 133
76: 3 12 23 26 37 38 50 56 58 67 71 85 87 90 91 92 95 98 101 108 113 120 122 123 124 127
77: 1 18 50 51 79 83 86 90 93 103
78: 3 4 16 23 34 38 45 56 58 73 79 85 86 101 105 130
79: 3 4 13 16 18 23 35 38 45 71 77 78 86 88 90 104 105 111 116 124 127 130
80: 7 9 12 13 17 20 31 34 36 54 55 56 86 94 103 106 123 136
81: 9 12 13 17 25 27 29 36 64 82 83 85 86 92 93 113 114 119 122 133 136
82: 6 16 23 24 81 111 113 115
83: 13 23 77 81 85 86 101
84: 20 65 120 127 131 132 134 135
85: 7 12 18 26 29 48 50 56 62 64 76 78 81 83 86 87 93 108 136
86: 1 3 7 12 13 14 17 19 27 36 43 48 49 56 57 61 62 63 64 67 68 70 77 78 79 80 81 83 85 103 111 117 119 120 121 123 124 125 140 141
87: 12 44 50 62 76 85 90 91 93 95 100 128
88: 4 16 27 29 71 79 114 123
89: 8 17 20 21 31 62 100 130 138 141
90: 12 25 26 27 33 34 76 77 79 87 91 93 113 114 121 124 132
91: 4 12 13 26 33 34 45 52 54 60 73 76 87 90 103 105 121 132
92: 25 26 27 28 29 34 41 56 67 69 76 81 114 122 123 124 132
93: 10 12 23 24 26 62 63 66 77 81 87 90 116 130 132 137 141
94: 13 31 34 36 38 50 54 55 57 60 68 80 103 106 119 136
95: 8 11 15 16 21 23 30 61 64 76 87 102 112 117 119 121 130 132 133 135 139 141
96: 8 11 15 21 58 59 61 63 97 102 119 121 130 132 133 139 141
97: 14 15 18 22 30 37 38 39 40 44 48 49 60 61 96 98 119 132 133 135
98: 2 15 18 22 30 31 41 44 58 59 60 61 71 75 76 97 109 110 119 120 121 132 133 139
99: 8 48 58 59 61 63 64 65 131 132 133 138
100: 23 24 63 64 75 87 89 101 112 113 115 121 126 130 132 133 135 141
101: 1 3 9 13 16 17 23 24 29 43 64 68 76 78 83 100 102 112 113 117 119 122 133
102: 2 5 6 10 20 24 56 95 96 101 115
103: 3 18 28 37 50 60 77 80 86 91 94
104: 19 22 32 33 35 39 40 41 42 43 45 51 52 69 70 71 72 73 75 79 105 107 109
105: 2 4 7 23 32 33 34 42 45 48 61 69 71 73 74 78 79 91 104 106 110 119 137
106: 1 4 7 13 19 28 31 36 38 45 46 52 54 80 94 105 129 136
107: 19 22 28 30 31 32 33 34 40 41 42 43 46 47 48 49 51 52 54 69 71 74 75 104 110 122 136
108: 13 24 26 28 61 73 76 85 109 110
109: 28 31 32 43 48 61 64 68 71 73 74 98 104 108 110
110: 4 17 18 19 22 28 32 33 36 42 43 44 45 48 49 54 61 68 70 71 73 74 98 105 107 108 109 137
111: 6 8 21 25 65 79 82 86 113 115 116 117 120 130 132 134
112: 8 15 21 64 95 100 101 130 133 139 141
113: 1 5 9 21 26 27 64 76 81 82 90 100 101 111 114 117 119 124
114: 8 11 16 25 27 62 65 68 81 88 90 92 113 117 123 127 130 132
115: 8 17 21 23 24 54 62 82 100 102 111 127 132 137 140 141
116: 5 8 15 17 20 21 23 25 62 63 65 79 111 117 121 127 128 131 132 135 137
117: 6 16 17 20 49 57 86 95 101 111 113 114 116 121 123 124 125 133 135 137
118: 5 9 17 19 28 33 34 35 39 40 41 42 45 46 47 49 51 53 57 126 127 130 131 134
119: 3 16 23 29 48 55 61 62 63 68 81 86 94 95 96 97 98 101 105 113 136
120: 25 61 71 76 84 86 98 111 121 126 132 133 139
121: 8 12 13 14 86 90 91 95 96 98 100 116 117 120 123 124 125 127 132 133 139
122: 12 13 16 26 27 29 32 33 34 41 67 76 92 101 107 123
123: 2 7 26 34 55 56 57 67 75 76 80 86 88 92 114 117 121 122 127 137
124: 1 4 7 9 26 29 34 55 56 68 75 76 79 86 90 92 113 117 121 137
125: 7 15 40 41 45 58 59 86 117 121
126: 17 19 30 33 53 57 100 118 120 133
127: 15 22 28 30 33 39 40 41 45 51 53 57 58 59 61 62 63 64 65 74 76 79 84 114 115 116 118 121 123 132 135
128: 15 31 33 37 38 49 72 87 116 138 140
129: 8 9 12 13 14 15 17 20 28 30 32 43 48 49 63 68 71 106 131 140
130: 6 10 14 15 24 26 27 30 45 46 47 48 49 58 59 62 63 64 65 66 72 78 79 89 93 95 96 100 111 112 114 118 134 137 141
131: 5 20 28 30 31 60 61 68 70 71 72 84 99 116 118 129 135
132: 15 23 30 31 49 62 63 66 68 69 70 71 84 90 91 92 93 95 96 97 98 99 100 111 114 115 116 120 121 127
133: 2 5 10 11 14 15 20 24 30 37 49 63 64 65 66 71 75 81 95 96 97 98 99 100 101 112 117 120 121 126 134 136 139 140
134: 6 10 11 33 39 40 63 65 84 111 118 130 133
135: 6 15 17 24 84 95 97 100 116 117 127 131 137
136: 8 9 34 36 51 52 63 64 80 81 85 94 106 107 119 133 140
137: 13 15 21 23 33 35 39 40 42 53 57 66 93 105 110 115 116 117 123 124 130 135 140
138: 14 15 33 39 40 41 45 49 58 59 62 63 65 89 128 140 141
139: 21 30 61 64 65 66 95 96 98 112 120 121 133
140: 1 5 8 9 12 13 18 19 20 21 22 24 37 43 49 61 63 86 115 128 129 133 136 137 138 141
141: 1 8 9 12 13 14 15 18 21 24 48 61 62 63 65 66 68 86 89 93 95 96 100 112 115 130 138 140
